3.69 1010.12 67.20 32.29 27.00 -127.00 26.54 46.84 40.90769577 -73.02014160 12.85 00:46:103.60 1010.10 67.30 32.34 27.50 -127.00 26.55 46.75 40.90772629 -73.02013397 13.51 00:46:173.74 1010.10 67.29 32.39 38.31 27.25 26.56 46.66 40.90776062 -73.02014160 13.94 00:46:243.84 1010.11 67.25 32.43 36.88 26.94 26.56 46.56 40.90777969 -73.02013397 13.76 00:46:303.87 1010.10 67.30 32.47 36.25 26.69 26.54 46.63 40.90778732 -73.02011108 12.45 00:46:36
3.84 1010.10 67.34 32.51 35.94 26.56 26.54 46.67 40.90779495 -73.02011108 11.61 00:46:42
3.84 1010.10 67.36 32.56 35.81 26.44 26.52 46.75 40.90779114 -73.02011108 12.06 00:46:48
3.82 1010.11 67.25 32.61 35.69 26.38 26.53 46.75 40.90779877 -73.02011108 12.88 00:46:54
3.88 1010.11 67.28 32.65 35.69 26.31 26.54 46.78 40.90780640 -73.02011108 13.81 00:47:00
3.84 1010.10 67.33 32.70 35.62 26.19 26.53 46.77 40.90781403 -73.02011871 13.84 00:47:06
3.84 1010.11 67.26 32.74 35.62 26.19 26.54 46.74 40.90782547 -73.02015686 13.75 00:47:12
3.70 1010.11 67.24 32.78 26.44 -127.00 26.56 46.76 40.90783691 -73.02015686 16.11 00:47:19
3.59 1010.09 67.39 32.84 27.19 -127.00 26.55 46.72 40.90783691 -73.02017212 15.63 00:47:26
3.60 1010.09 67.42 32.89 41.12 27.56 26.55 46.68 40.90784454 -73.02014923 14.08 00:47:33
3.90 1010.08 67.51 32.94 38.00 26.94 26.58 46.73 40.90785980 -73.02014923 11.46 00:47:39
3.87 1010.09 67.45 32.98 37.19 26.69 26.57 46.74 40.90787506 -73.02016449 10.17 00:47:45
3.84 1010.08 67.47 33.03 36.75 26.56 26.59 46.78 40.90786743 -73.02017975 9.23 00:47:51
3.84 1010.08 67.50 33.07 36.50 26.44 26.58 46.68 40.90785980 -73.02018738 8.62 00:47:57
3.91 1010.07 67.55 33.12 36.38 26.25 26.61 46.82 40.90785599 -73.02018738 7.75 00:48:03
3.84 1010.09 67.40 33.16 36.31 26.19 26.61 46.72 40.90784073 -73.02019501 5.73 00:48:09
3.84 1010.08 67.47 33.21 36.25 26.12 26.61 46.61 40.90784073 -73.02019501 4.66 00:48:15
3.83 1010.09 67.44 33.25 36.25 26.06 26.63 46.67 40.90784454 -73.02020264 3.97 00:48:21
3.83 1010.08 67.49 33.29 36.19 26.06 26.61 46.64 40.90784073 -73.02019501 3.68 00:48:27
3.91 1010.08 67.54 33.33 26.75 -127.00 26.65 46.50 40.90784454 -73.02019501 4.27 00:48:34
3.59 1010.09 67.43 33.38 27.38 -127.00 26.68 46.57 40.90784836 -73.02018738 5.54 00:48:41
3.73 1010.09 67.45 33.43 39.44 27.06 26.70 46.54 40.90784073 -73.02018738 7.09 00:48:47
3.83 1010.08 67.46 33.47 38.12 26.75 26.69 46.49 40.90784073 -73.02017212 7.32 00:48:53
3.84 1010.09 67.45 33.51 37.50 26.56 26.68 46.57 40.90784836 -73.02014923 6.33 00:48:59
3.84 1010.08 67.49 33.55 37.19 26.44 26.71 46.56 40.90784836 -73.02014160 5.52 00:49:05
3.87 1010.09 67.41 33.60 37.00 26.38 26.69 46.56 40.90785217 -73.02014923 4.87 00:49:11
3.83 1010.09 67.42 33.64 36.88 26.31 26.69 46.55 40.90786743 -73.02014923 5.23 00:49:17
3.90 1010.09 67.37 33.69 36.81 26.19 26.72 46.73 40.90787888 -73.02015686 6.52 00:49:23
3.84 1010.09 67.38 33.73 36.81 26.12 26.73 46.75 40.90787888 -73.02015686 9.16 00:49:29
3.84 1010.10 67.35 33.77 36.69 25.75 26.61 46.72 40.90786743 -73.02018738 10.90 00:49:35
3.96 1010.08 67.48 33.81 37.69 24.75 26.20 46.44 40.90785980 -73.02017212 11.63 00:49:42
3.71 1010.08 67.91 33.85 39.94 14.00 25.81 46.78 40.90783691 -73.02012634 11.04 00:49:50
2.97 1010.01 68.07 33.98 40.94 23.12 25.21 47.38 40.90778732 -73.02013397 10.96 00:49:57
3.83 1010.04 67.85 34.00 38.69 22.12 24.82 48.16 40.90776062 -73.02015686 9.18 00:50:03
3.90 1010.05 67.72 33.99 37.81 21.69 24.58 48.69 40.90770340 -73.02021027 7.55 00:50:09
3.83 1010.08 67.53 33.98 37.38 21.44 24.15 49.99 40.90767288 -73.02021790 7.20 00:50:15
3.87 1010.09 67.40 33.95 37.12 21.19 24.11 50.01 40.90766907 -73.02022552 5.39 00:50:21
3.83 1010.10 67.32 33.91 36.81 20.88 23.96 48.57 40.90766525 -73.02023315 6.37 00:50:27
3.87 1010.10 67.36 33.85 36.62 20.62 23.83 47.87 40.90766525 -73.02023315 5.67 00:50:33
3.86 1010.10 67.29 33.79 36.44 20.44 23.74 47.11 40.90766525 -73.02023315 3.43 00:50:39
3.83 1010.14 67.01 33.72 36.31 20.25 23.71 46.73 40.90766907 -73.02024078 2.32 00:50:45
3.83 1010.15 66.87 33.65 36.25 20.12 23.66 46.47 40.90767670 -73.02024841 3.14 00:50:51
3.71 1010.17 66.74 33.57 38.50 8.25 23.63 46.55 40.90768814 -73.02024841 5.32 00:50:57
3.80 1010.16 66.84 33.50 38.12 20.69 23.55 46.45 40.90772247 -73.02024841 6.40 00:51:03
3.84 1010.16 66.79 33.42 37.06 20.31 23.51 46.48 40.90771484 -73.02029419 3.99 00:51:09
3.83 1010.19 66.60 33.34 36.50 20.06 23.44 46.38 40.90772247 -73.02043915 4.38 00:51:15
3.83 1010.20 66.53 33.26 36.25 19.94 23.40 46.24 40.90790176 -73.02050781 6.77 00:51:21
3.80 1010.21 66.41 33.19 35.94 19.81 23.30 46.01 40.90813065 -73.02050018 8.42 00:51:27
3.90 1010.23 66.25 33.11 35.81 19.62 23.22 45.07 40.90815353 -73.02011108 8.30 00:51:33
3.84 1010.26 65.98 33.04 35.69 19.56 23.08 44.23 40.90816879 -73.01966858 8.26 00:51:39
3.83 1010.29 65.75 32.96 35.50 19.44 23.10 43.38 40.90824127 -73.01950073 9.07 00:51:45
3.83 1010.28 65.87 32.89 35.38 19.31 23.09 42.89 40.90851212 -73.01951599 7.13 00:51:51
3.77 1010.23 66.26 32.81 35.25 19.19 23.06 42.76 40.90893555 -73.01955414 10.53 00:51:57
3.94 1008.77 78.39 35.50 124.00 -127.00 27.39 44.72 0.00000000 0.00000000 0.00 01:40:13
3.77 1008.71 78.93 35.52 39.56 124.81 27.46 45.42 0.00000000 0.00000000 0.00 01:40:19
3.98 1008.66 79.31 35.54 51.44 -127.00 27.49 45.12 0.00000000 0.00000000 0.00 01:40:25
3.81 1008.70 79.02 35.55 33.00 -127.00 27.42 44.41 0.00000000 0.00000000 0.00 01:40:32
